--Started simulation--
3
6
0
False
1
7
12
0
4
34
35
35
0
35
35
0
29
32
False
29
35
33
21
35
52
35
False
0
51
35
50
0
35
35
0
22
0
35
60
59
0
35
74
69
0
75
35
86
22
22
35
86
35
91
0
76
35
35
35
58
22
22
67
35
67
0
35
71
21
0
35
35
0
64
71
22
68
0
0
21
22
68
66
22
35
68
35
47
22
0
58
21
22
22
21
79
75
False
35
35
35
82
35
22
90
35
22
35
0
35
22
35
False
69
22
66
57
35
36
34
35
21
35
22
34
0
31
22
22
15
2
0
0
22
0
22
22
22
0
0
22
22
22
0
0
0
0
0
0
True
0
22
0
0
22
0
0
0
0
0
0
0
0
0
0
0
0
22
0
22
22
0
0
0
0
0
0
0
0
0
0
0
0
22
0
True
0
0
0
0
0
0
0
0
22
True
0
22
0
0
0
0
22
0
0
0
0
0
0
22
0
0
0
0
22
0
0
0
0
0
22
22
0
--End of simulation--
True
33
31
38
Exception
35
32
30
32
12
38
15
31
31
28
31
36
14
28
27
35
36
28
36
26
33
38
30
37
13
33
32
22
12
35
39
32
36
27
13
30
14
33
32
14
37
29
32
31
29
12
26
17
29
33
25
34
28
26
31
39
27
17
Exception
36
40
34
27
14
12
27
35
32
28
25
18
35
22
23
35
31
27
36
32
34
18
34
25
27
35
12
15
16
25
32
28
32
28
35
33
37
32
37
37
17
31
32
38
33
30
36
31
33
31
34
37
32
36
33
39
30
24
26
36
33
28
12
22
25
26
30
30
25
33
34
14
31
27
28
16
17
27
26
27
28
29
32
35
34
23
Exception
19
Exception
32
26
38
14
27
27
35
32
31
15
28
34
32
30
28
38
18
19
33
42
Exception
Exception
37
32
28
37
30
30
21
Exception
25
34
30
36
16
29
30
34
32
37
27
39
25
27
32
37
28
38
32
13
13
29
14
26
33
29
12
37
13
20
35
33
32
30
33
40
Exception
26
33
34
32
29
36
15
33
30
29
34
Exception
25
36
26
33
26
16
34
36
37
36
15
35
31
37
32
33
26
28
32
36
27
31
33
18
37
29
30
28
25
18
27
38
38
33
29
31
28
21
32
Exception
26
33
39
34
34
36
40
32
31
34
39
37
30
32
36
37
32
32
40
31
29
30
38
30
15
32
34
38
34
29.36
